1 2.02 4.02
2 2.02 5.02
3 2.02 6.02
4 2.02 7.02
5 2.02 8.02
6 2.02 9.02
7 2.02 1.03
8 2.02 1.03
9 2.02 1.203
10 2.02 1.303
11 2.02 1.403
12 2.02 1.503
13 2.02 1.603
14 2.02 1.703
15 2.02 1.803
16 2.02 1.903
17 2.02 2.03
18 2.02 2.03
19 2.02 2.203
20 2.02 2.303
21 2.02 2.403
22 2.02 2.503
23 2.02 2.603
24 2.02 2.703
25 2.02 2.803
26 2.02 2.903
27 2.02 3.03
28 2.02 3.03
29 2.02 3.203
30 2.02 3.303
31 2.02 3.403
32 2.02 3.503
33 2.02 3.603
34 3.02 4.02
35 3.02 5.02
36 3.02 6.02
37 3.02 7.02
38 3.02 8.02
39 3.02 9.02
40 3.02 1.03
41 3.02 1.03
42 3.02 1.203
43 3.02 1.303
44 3.02 1.403
45 3.02 1.503
46 3.02 1.603
47 3.02 1.703
48 3.02 1.803
49 3.02 1.903
50 3.02 2.03
51 3.02 2.03
52 3.02 2.203
53 3.02 2.303
54 3.02 2.403
55 3.02 2.503
56 3.02 2.603
57 3.02 2.703
58 3.02 2.803
59 3.02 2.903
60 3.02 3.03
61 3.02 3.03
62 3.02 3.203
63 3.02 3.303
64 3.02 3.403
65 3.02 3.503
66 4.02 4.02
67 4.02 5.02
68 4.02 6.02
69 4.02 7.02
70 4.02 8.02
71 4.02 9.02
72 4.02 1.03
73 4.02 1.03
74 4.02 1.203
75 4.02 1.303
76 4.02 1.403
77 4.02 1.503
78 4.02 1.603
79 4.02 1.703
80 4.02 1.803
81 4.02 1.903
82 4.02 2.03
83 4.02 2.03
84 4.02 2.203
85 4.02 2.303
86 4.02 2.403
87 4.02 2.503
88 4.02 2.603
89 4.02 2.703
90 4.02 2.803
91 4.02 2.903
92 4.02 3.03
93 4.02 3.03
94 4.02 3.203
95 4.02 3.303
96 4.02 3.403
97 4.02 3.503
98 4.02 3.603
99 5.02 1.503
100 5.02 1.82903
101 5.02 3.03
102 6.02 4.02
103 7.02 3.02
104 7.02 6.02
105 7.02 1.503
106 7.02 1.603
107 7.02 1.803
108 7.02 2.03
109 7.02 2.403
110 7.02 2.703
111 7.02 3.03
112 7.02 3.303
113 7.02 3.603
114 8.02 3.02
115 8.02 6.02
116 8.02 1.0303
117 8.02 1.503
118 8.02 1.803
119 8.02 2.03
120 8.02 2.403
121 8.02 2.603
122 8.02 2.703
123 8.02 3.03
124 8.02 3.303
125 8.02 3.603
126 9.02 3.02
127 9.02 6.02
128 9.02 1.503
129 9.02 1.803
130 9.02 2.03
131 9.02 2.403
132 9.02 2.703
133 9.02 3.03
134 9.02 3.303
135 9.02 3.603
136 1.03 3.02
137 1.03 6.02
138 1.03 1.03
139 1.03 1.503
140 1.03 1.62903
141 1.03 1.803
142 1.03 2.03
143 1.03 2.403
144 1.03 2.603
145 1.03 2.703
146 1.03 3.03
147 1.03 3.303
148 1.03 3.603
149 1.03 3.02
150 1.03 6.02
151 1.03 7.02
152 1.03 9.02
153 1.03 1.503
154 1.03 1.803
155 1.03 2.03
156 1.03 2.403
157 1.03 2.703
158 1.03 3.03
159 1.03 3.303
160 1.03 3.603
161 1.203 3.02
162 1.203 6.02
163 1.203 1.503
164 1.203 1.703
165 1.203 1.803
166 1.203 2.03
167 1.203 2.403
168 1.203 2.703
169 1.203 3.03
170 1.203 3.303
171 1.203 3.603
172 1.303 3.02
173 1.303 6.02
174 1.303 7.02
175 1.303 1.1303
176 1.303 1.503
177 1.303 1.803
178 1.303 2.03
179 1.303 2.203
180 1.303 2.403
181 1.303 2.703
182 1.303 3.03
183 1.303 3.303
184 1.303 3.603
185 1.403 3.02
186 1.403 6.02
187 1.403 9.302
188 1.403 1.503
189 1.403 1.803
190 1.403 2.03
191 1.403 2.03
192 1.403 2.403
193 1.403 2.503
194 1.403 2.703
195 1.403 2.8203
196 1.403 2.903
197 1.403 3.03
198 1.403 3.303
199 1.403 3.603
200 1.503 1.503
201 1.503 1.803
202 1.503 1.903
203 1.503 2.03
204 1.503 2.403
205 1.503 2.703
206 1.503 2.803
207 1.503 2.8603
208 1.503 3.03
209 1.503 3.303
210 1.503 3.603
211 1.603 1.03
212 1.603 1.303
213 1.603 1.503
214 1.603 1.803
215 1.603 2.03
216 1.603 2.403
217 1.603 2.703
218 1.603 3.03
219 1.603 3.303
220 1.603 3.603
221 1.703 1.203
222 1.703 1.503
223 1.703 1.803
224 1.703 2.03
225 1.703 2.403
226 1.703 3.603
227 1.803 3.02
228 1.803 6.02
229 1.803 1.2303
230 1.803 1.503
231 1.803 1.803
232 1.803 2.03
233 1.803 2.403
234 1.903 3.02
235 1.903 6.02
236 1.903 3.03
237 1.903 3.5203
238 2.03 3.02
239 2.03 3.702
240 2.03 6.02
241 2.03 8.02
242 2.03 9.02
243 2.03 1.03
244 2.03 1.03
245 2.03 1.203
246 2.03 1.303
247 2.03 1.403
248 2.03 1.503
249 2.03 1.603
250 2.03 1.703
251 2.03 1.803
252 2.03 1.903
253 2.03 2.03
254 2.03 2.03
255 2.03 2.203
256 2.03 2.303
257 2.03 2.403
258 2.03 2.503
259 2.03 2.603
260 2.03 2.703
261 2.03 2.803
262 2.03 2.903
263 2.03 3.03
264 2.03 3.03
265 2.03 3.503
266 2.03 3.02
267 2.03 6.02
268 2.03 3.203
269 2.203 3.02
270 2.203 4.6902
271 2.203 6.02
272 2.203 3.203
273 2.303 3.02
274 2.303 6.02
275 2.303 3.403
276 2.403 3.02
277 2.403 6.02
278 2.403 2.03
279 2.503 3.02
280 2.503 8.02
281 2.603 4.02
282 2.603 5.02
283 2.603 8.02
284 2.603 9.02
285 2.603 1.03
286 2.603 1.03
287 2.603 1.203
288 2.603 1.303
289 2.603 1.403
290 2.603 1.503
291 2.603 1.603
292 2.603 1.703
293 2.603 1.803
294 2.603 1.903
295 2.603 2.03
296 2.603 2.03
297 2.603 2.203
298 2.603 2.303
299 2.603 2.403
300 2.603 2.503
301 2.603 2.603
302 2.603 2.703
303 2.603 2.803
304 2.603 2.903
305 2.603 3.03
306 2.603 3.03
307 2.603 3.403
308 2.703 7.02
309 2.703 8.02
310 2.703 9.02
311 2.703 1.03
312 2.703 1.03
313 2.703 1.203
314 2.703 1.303
315 2.703 1.403
316 2.703 1.503
317 2.703 1.603
318 2.703 1.703
319 2.703 1.803
320 2.703 1.903
321 2.703 2.03
322 2.703 2.03
323 2.703 2.203
324 2.703 2.303
325 2.703 2.503
326 2.703 2.603
327 2.703 2.703
328 2.703 2.803
329 2.703 2.903
330 2.703 3.03
331 2.703 3.03
332 2.703 3.203
333 2.703 3.303
334 2.703 3.403
335 2.703 3.503
336 2.703 3.603
337 2.703 3.703
338 2.703 3.803
339 2.803 9.02
340 2.803 1.1303
341 2.903 4.02
342 2.903 5.02
343 2.903 1.403
344 2.903 2.403
345 2.903 3.03
346 3.03 7.02
347 3.03 8.02
348 3.03 9.02
349 3.03 1.03
350 3.03 1.03
351 3.03 1.203
352 3.03 1.303
353 3.03 1.503
354 3.03 1.603
355 3.03 1.703
356 3.03 1.803
357 3.03 1.903
358 3.03 2.03
359 3.03 2.03
360 3.03 2.203
361 3.03 2.303
362 3.03 2.503
363 3.03 2.603
364 3.03 2.703
365 3.03 2.803
366 3.03 2.903
367 3.03 3.03
368 3.03 3.03
369 3.03 3.203
370 3.03 3.303
371 3.03 3.403
372 3.03 3.503
373 3.03 3.603
374 3.03 3.703
375 3.03 3.803
376 1.502 3.503
377 1.502 3.5503
378 4.6902 2.5503
379 4.6902 3.3503
380 4.6902 3.4503
381 5.402 2.3303
382 5.402 2.4303
383 6.202 3.6503
384 6.202 3.70903
385 7.502 2.5503
386 8.502 5.202
387 8.502 7.02
388 8.502 2.2803
389 9.3902 7.402
390 9.502 2.2203
391 9.02 2.603
392 1.0503 1.0503
393 1.1503 1.3503
394 1.1703 2.2803
395 1.2203 2.2103
396 1.3503 7.502
397 1.3503 1.703
398 1.3503 2.1403
399 1.4503 7.702
400 1.5503 3.02
401 1.5503 5.02
402 1.5503 1.8503
403 1.6503 1.0503
404 1.6903 2.6803
405 1.7103 3.02
406 1.7103 5.02
407 1.7503 7.502
408 1.7903 2.5803
409 1.7203 2.6103
410 1.7903 3.3303
411 1.7203 3.409003
412 1.82903 2.703
413 1.82903 2.803
414 1.82903 3.4503
415 2.0603 1.6503
416 2.0503 3.1503
417 2.1703 1.903
418 2.1103 2.03
419 2.1203 2.7503
420 2.1503 3.2503
421 2.2903 1.403
422 2.2203 2.8203
423 2.2803 3.2503
424 2.3903 1.303
425 2.3203 1.503
426 2.4503 7.02
427 2.6203 3.6503
428 2.7503 5.202
429 2.7603 2.3603
430 2.8503 2.203
431 2.8503 2.703
432 2.8503 3.3503
433 2.9303 9.502
434 2.9503 1.7503
435 2.9503 2.0503
436 5.202 3.203
437 2.303 3.503
438 2.3203 3.1503
439 5.302 2.03
440 2.5503 7.02
441 7.502 4.902
442 0.00 0.00